0.000000
0.000000
0.000000
0.001408
0.006573
0.005791
0.005791
0.010952
0.010952
0.007042
0.007042
0.001881
0.001881
0.001881
0.001881
0.001881
0.001881
0.001879
-0.001564
-0.001564
0.001409
0.008451
0.009076
0.013299
0.013299
0.015019
0.015019
0.015019
0.015019
0.022527
0.022840
0.022839
0.022839
0.022839
0.022839
0.022839
0.022839
0.024091
0.024091
0.024091
0.024091
0.022057
0.022057
0.022996
0.020650
0.016113
0.018303
0.018303
0.020493
0.018146
0.018146
0.018146
0.014391
0.014391
0.014860
0.014860
0.015486
0.015486
0.009854
0.010166
0.017989
0.019240
0.019240
0.019240
0.024873
0.026907
0.027220
0.029254
0.029724
0.028159
0.021432
0.020963
0.021119
0.022058
0.025187
0.026595
0.034574
0.036295
0.044275
0.039736
